1e-05 0.5 0.0
2.929e-05 0.5 0.0
8.577e-05 0.5 0.0
0.0002512 0.5 0.0
0.0007356 0.49867169845692333 0.0026200840597258067
0.002154 0.4944331555224978 0.014203201773510803
0.00631 0.500508790143824 0.013369044183609874
0.01848 0.5009959832857758 0.020677373258044467
0.05412 0.5037778814403152 0.023995051112814574
0.1585 0.5037419978629425 0.025714417548246583
0.4642 0.5061747489041228 0.02597586446125028
1.359 0.5055115669197752 0.02548764951012274
3.981 0.5060604553807014 0.025280614953897496
11.66 0.5062575427768605 0.025060697845831446
34.15 0.5061693397256017 0.025151560147350507
100.0 0.50619722604402 0.0250979564404481
[[12233  6910]
 [  708  1489]]
[[5104 3208]
 [ 583  365]]
Best Params : {'C': 11.659144011798311} Score CrossVal : 0.5062575427768605 
Accuracy Train : 0.6430178069353327  Accuracy Test : 0.5906047516198704 
F1 Train : 0.28104945262363157  F1 Test : 0.16146870161468702 
Roc_Auc Train : 0.6583874602502389  Roc_Auc Test : 0.49953653504871204 
