1e-05 1e-05 0.507070161946 0.00850389998065
1e-05 0.0001 0.508549854386 0.00653562361765
1e-05 0.001 0.518143991723 0.0119320493938
1e-05 0.01 0.51803767501 0.00329771321459
1e-05 0.1 0.5 0.0
1e-05 1.0 0.5 0.0
1e-05 10.0 0.5 0.0
0.0001 1e-05 0.507070161946 0.00850389998065
0.0001 0.0001 0.508549854386 0.00653562361765
0.0001 0.001 0.518143814959 0.0119323047684
0.0001 0.01 0.518036385537 0.00329340133712
0.0001 0.1 0.5 0.0
0.0001 1.0 0.5 0.0
0.0001 10.0 0.5 0.0
0.001 1e-05 0.507070161946 0.00850389998065
0.001 0.0001 0.508549854386 0.00653562361765
0.001 0.001 0.518143814959 0.0119323047684
0.001 0.01 0.518037681918 0.00329391902761
0.001 0.1 0.5 0.0
0.001 1.0 0.5 0.0
0.001 10.0 0.5 0.0
0.01 1e-05 0.507070161946 0.00850389998065
0.01 0.0001 0.508549854386 0.00653562361765
0.01 0.001 0.518143814959 0.0119323047684
0.01 0.01 0.518038569558 0.003291443822
0.01 0.1 0.500051822595 6.34665064944e-05
0.01 1.0 0.5 0.0
0.01 10.0 0.5 0.0
0.1 1e-05 0.507070161946 0.00850389998065
0.1 0.0001 0.509040631196 0.00648925982308
0.1 0.001 0.520007442132 0.0107444264469
0.1 0.01 0.51803815563 0.00329369945616
0.1 0.1 0.500025914654 9.69413067055e-05
0.1 1.0 0.5 0.0
0.1 10.0 0.5 0.0
1.0 1e-05 0.508479858532 0.00833901214294
1.0 0.0001 0.513469987426 0.0048242237581
1.0 0.001 0.517997807416 0.00613334218636
1.0 0.01 0.5157193005 0.0036518640651
1.0 0.1 0.500524166444 0.000708298169357
1.0 1.0 0.5 0.0
1.0 10.0 0.5 0.0
10.0 1e-05 0.509830252444 0.00669079409337
10.0 0.0001 0.515510024111 0.00743151868252
10.0 0.001 0.509477713622 0.00819045683158
10.0 0.01 0.514784577243 0.00501808692861
10.0 0.1 0.500524166444 0.000708298169357
10.0 1.0 0.5 0.0
10.0 10.0 0.5 0.0
[[11783  7515]
 [ 1025  1176]]
[[4964 3193]
 [ 562  382]]
Best Params : {'C': 0.10000000000000001, 'gamma': 0.001} Score CrossVal : 0.520007442132 
Accuracy Train : 0.602772221964  Accuracy Test : 0.587407977145 
F1 Train : 0.215938303342  F1 Test : 0.169063952202 
Roc_Auc Train : 0.572441998566  Roc_Auc Test : 0.506609042249 
