1e-05 1e-05 0.505688683995 0.0155253124258
1e-05 0.0001 0.500636265465 0.0146831271861
1e-05 0.001 0.50561502062 0.0183462417888
1e-05 0.01 0.499427867976 0.0199277720565
1e-05 0.1 0.500051811059 6.34582834918e-05
1e-05 1.0 0.5 0.0
1e-05 10.0 0.5 0.0
0.0001 1e-05 0.505688683995 0.0155253124258
0.0001 0.0001 0.500636265465 0.0146831271861
0.0001 0.001 0.505615316134 0.0183457784153
0.0001 0.01 0.49938674465 0.019905577692
0.0001 0.1 0.500051811059 6.34582834918e-05
0.0001 1.0 0.5 0.0
0.0001 10.0 0.5 0.0
0.001 1e-05 0.505688683995 0.0155253124258
0.001 0.0001 0.500636265465 0.0146831271861
0.001 0.001 0.505613893157 0.0183444196167
0.001 0.01 0.499383553856 0.0199129912445
0.001 0.1 0.500051811059 6.34582834918e-05
0.001 1.0 0.5 0.0
0.001 10.0 0.5 0.0
0.01 1e-05 0.505688683995 0.0155253124258
0.01 0.0001 0.500636265465 0.0146831271861
0.01 0.001 0.505614071039 0.0183439777167
0.01 0.01 0.499399703424 0.0199031498766
0.01 0.1 0.500051811059 6.34582834918e-05
0.01 1.0 0.5 0.0
0.01 10.0 0.5 0.0
0.1 1e-05 0.505729242288 0.0154602085424
0.1 0.0001 0.500777121555 0.0138604622516
0.1 0.001 0.505670460899 0.0182858895153
0.1 0.01 0.499391065844 0.0198740315187
0.1 0.1 0.500051811059 6.34582834918e-05
0.1 1.0 0.5 0.0
0.1 10.0 0.5 0.0
1.0 1e-05 0.505703428653 0.014897961042
1.0 0.0001 0.503625079003 0.0161157829757
1.0 0.001 0.511421176428 0.0144619387878
1.0 0.01 0.49938655476 0.019885975479
1.0 0.1 0.500051811059 6.34582834918e-05
1.0 1.0 0.5 0.0
1.0 10.0 0.5 0.0
10.0 1e-05 0.504406819666 0.0127888836078
10.0 0.0001 0.506199886301 0.0129092577425
10.0 0.001 0.498845587686 0.00975782460875
10.0 0.01 0.49929656263 0.0198865502181
10.0 0.1 0.500051811059 6.34582834918e-05
10.0 1.0 0.5 0.0
10.0 10.0 0.5 0.0
[[18327   971]
 [   16  2167]]
[[7313  844]
 [ 863   99]]
Best Params : {'C': 1.0, 'gamma': 0.001} Score CrossVal : 0.511421176428 
Accuracy Train : 0.954052418416  Accuracy Test : 0.812808421976 
F1 Train : 0.814508551024  F1 Test : 0.103937007874 
Roc_Auc Train : 0.971177270903  Roc_Auc Test : 0.499720595068 
