1e-05 0.5140021037196396 0.01707906924476324
2.929e-05 0.5104011684100349 0.01686221232520235
8.577e-05 0.5066547012354375 0.017176917412855205
0.0002512 0.5042451395232307 0.01744099651423111
0.0007356 0.503748981240451 0.016929090026017158
0.002154 0.5043877279994338 0.015373987195678299
0.00631 0.5053448704247911 0.014285491280464467
0.01848 0.5065481541039217 0.013628719891794752
0.05412 0.5063069252961361 0.013524688577319978
0.1585 0.505177798365666 0.008407718656541156
0.4642 0.5106992457345888 0.008536584649204402
1.359 0.501343151849511 0.01813493819530379
3.981 0.5039466988045819 0.007403758724997572
11.66 0.5054812774183308 0.010689443430107921
34.15 0.505390573551761 0.02056343959904079
100.0 0.5051320327982652 0.01645251256920665
[[10301  8967]
 [  891  1354]]
[[4255 3932]
 [ 460  440]]
Best Params : {'C': 1.0000000000000001e-05} Score CrossVal : 0.5140021037196396 
Accuracy Train : 0.5417654441500488  Accuracy Test : 0.5166721690326841 
F1 Train : 0.21550214865510106  F1 Test : 0.16691957511380878 
Roc_Auc Train : 0.5688675108064285  Roc_Auc Test : 0.504307642196979 
