1e-05 0.12916488548983435 0.004720553374725207
2.929e-05 0.1318870935429246 0.006195311201667305
8.577e-05 0.13227160824213877 0.006043972265255625
0.0002512 0.13087385273797783 0.005225458434199423
0.0007356 0.13321998197255855 0.007273404238778621
0.002154 0.13043513770922988 0.008351965804627381
0.00631 0.1318178869437477 0.005385590457114659
0.01848 0.1302379869987886 0.0051042782015199555
0.05412 0.1253550768803179 0.008393433299279341
0.1585 0.12177588206213907 0.007169791626158598
0.4642 0.13210657879293827 0.014776221650257453
1.359 0.12140960811480231 0.015618480378433013
3.981 0.12630627214143253 0.014212347723139411
11.66 0.1207918030545115 0.015935636501476086
34.15 0.12647189393219577 0.011027435407343088
100.0 0.13353153284136624 0.01576740386307175
[[8017 1362]
 [ 994  291]]
[[3406  645]
 [ 488   97]]
Best Params : {'C': 100.0} Score CrossVal : 0.13353153284136624 
Accuracy Train : 0.7790697674418605  Accuracy Test : 0.7556082830025884 
F1 Train : 0.1980939414567733  F1 Test : 0.1461944235116805 
