1e-05 1e-05 0.0440378928486 0.0880430285478
1e-05 0.0001 0.0440378928486 0.0880430285478
1e-05 0.001 0.0440378928486 0.0880430285478
1e-05 0.01 0.0440378928486 0.0880430285478
1e-05 0.1 0.0440378928486 0.0880430285478
1e-05 1.0 0.0440378928486 0.0880430285478
1e-05 10.0 0.0440378928486 0.0880430285478
0.0001 1e-05 0.0879261497646 0.107672235303
0.0001 0.0001 0.0879261497646 0.107672235303
0.0001 0.001 0.0879261497646 0.107672235303
0.0001 0.01 0.0879261497646 0.107672235303
0.0001 0.1 0.0879261497646 0.107672235303
0.0001 1.0 0.0879261497646 0.107672235303
0.0001 10.0 0.0879261497646 0.107672235303
0.001 1e-05 0.220033066047 0.000287851445881
0.001 0.0001 0.220033066047 0.000287851445881
0.001 0.001 0.220033066047 0.000287851445881
0.001 0.01 0.176144809131 0.0880703668541
0.001 0.1 0.176144809131 0.0880703668541
0.001 1.0 0.176144809131 0.0880703668541
0.001 10.0 0.176144809131 0.0880703668541
0.01 1e-05 0.220033066047 0.000287851445881
0.01 0.0001 0.220033066047 0.000287851445881
0.01 0.001 0.220033066047 0.000287851445881
0.01 0.01 0.220033066047 0.000287851445881
0.01 0.1 0.220033066047 0.000287851445881
0.01 1.0 0.220033066047 0.000287851445881
0.01 10.0 0.220033066047 0.000287851445881
0.1 1e-05 0.0904994811482 0.105387681453
0.1 0.0001 0.186329343958 0.0140797197588
0.1 0.001 0.19991533046 0.0117088081508
0.1 0.01 0.0879261497646 0.107672235303
0.1 0.1 0.0879261497646 0.107672235303
0.1 1.0 0.0879261497646 0.107672235303
0.1 10.0 0.0879261497646 0.107672235303
1.0 1e-05 0.192458016299 0.0102337029988
1.0 0.0001 0.199211364192 0.00561270630611
1.0 0.001 0.182386050845 0.00943079180604
1.0 0.01 0.0 0.0
1.0 0.1 0.0 0.0
1.0 1.0 0.0 0.0
1.0 10.0 0.0 0.0
10.0 1e-05 0.196571918604 0.0119261691995
10.0 0.0001 0.20082097144 0.0113013802959
10.0 0.001 0.044287473109 0.013140797214
10.0 0.01 0.0 0.0
10.0 0.1 0.0 0.0
10.0 1.0 0.0 0.0
10.0 10.0 0.0 0.0
[[9422    0]
 [1329    0]]
[[4008    0]
 [ 541    0]]
Best Params : {'C': 0.001, 'gamma': 1.0000000000000001e-05} Score CrossVal : 0.220033066047 
Accuracy Train : 0.876383592224  Accuracy Test : 0.881072763245 
F1 Train : 0.0  F1 Test : 0.0 
Roc_Auc Train : 0.5  Roc_Auc Test : 0.5 
