1e-05 1e-05 0.509856952656 0.0113009330601
1e-05 0.0001 0.511474517141 0.0116144918777
1e-05 0.001 0.517749839043 0.00710356881169
1e-05 0.01 0.489613499141 0.0155902780095
1e-05 0.1 0.5 0.0
1e-05 1.0 0.5 0.0
1e-05 10.0 0.5 0.0
0.0001 1e-05 0.509856952656 0.0113009330601
0.0001 0.0001 0.511474517141 0.0116144918777
0.0001 0.001 0.517749839043 0.00710356881169
0.0001 0.01 0.489613904409 0.0155906666543
0.0001 0.1 0.5 0.0
0.0001 1.0 0.5 0.0
0.0001 10.0 0.5 0.0
0.001 1e-05 0.509856952656 0.0113009330601
0.001 0.0001 0.511474517141 0.0116144918777
0.001 0.001 0.517749839043 0.00710356881169
0.001 0.01 0.489614107037 0.01559104572
0.001 0.1 0.5 0.0
0.001 1.0 0.5 0.0
0.001 10.0 0.5 0.0
0.01 1e-05 0.509856952656 0.0113009330601
0.01 0.0001 0.511474517141 0.0116144918777
0.01 0.001 0.517749839043 0.00710356881169
0.01 0.01 0.489614107037 0.01559104572
0.01 0.1 0.5 0.0
0.01 1.0 0.5 0.0
0.01 10.0 0.5 0.0
0.1 1e-05 0.509856952656 0.0113009330601
0.1 0.0001 0.512004197268 0.0112877936609
0.1 0.001 0.517838251934 0.00697963088448
0.1 0.01 0.489614107037 0.01559104572
0.1 0.1 0.5 0.0
0.1 1.0 0.5 0.0
0.1 10.0 0.5 0.0
1.0 1e-05 0.512260763362 0.0129353941855
1.0 0.0001 0.521785432753 0.00864177472493
1.0 0.001 0.514452849864 0.00700732274665
1.0 0.01 0.489370379826 0.015225511192
1.0 0.1 0.5 0.0
1.0 1.0 0.5 0.0
1.0 10.0 0.5 0.0
10.0 1e-05 0.52111099704 0.00963126941763
10.0 0.0001 0.52836321802 0.0115316101467
10.0 0.001 0.496510005448 0.0152227842481
10.0 0.01 0.489538620541 0.0143959231394
10.0 0.1 0.5 0.0
10.0 1.0 0.5 0.0
10.0 10.0 0.5 0.0
[[6071 3348]
 [ 345  964]]
[[2393 1618]
 [ 309  252]]
Best Params : {'C': 10.0, 'gamma': 0.0001} Score CrossVal : 0.52836321802 
Accuracy Train : 0.655760626398  Accuracy Test : 0.578521434821 
F1 Train : 0.342999466287  F1 Test : 0.207322089675 
Roc_Auc Train : 0.690494142044  Roc_Auc Test : 0.52290359266 
