1e-05 0.5214011430873283 0.017915742308515694
2.929e-05 0.5097272615819324 0.024854038011939774
8.577e-05 0.4801528689565388 0.01883847227534662
0.0002512 0.44046553953663514 0.01729658425750419
0.0007356 0.42101028661834716 0.01974875881782028
0.002154 0.3898822468262981 0.019594830057609605
0.00631 0.3821012402906174 0.01504986739752039
0.01848 0.3704299129257022 0.024535226101843513
0.05412 0.34786152763871897 0.02979640423202592
0.1585 0.2731543780886856 0.024036490601526073
0.4642 0.19143684267370345 0.020648247722056968
1.359 0.1346334881385716 0.026573340200721975
3.981 0.15019039292897154 0.03370647132717154
11.66 0.15175316202591504 0.06676299016195243
34.15 0.16965367314591293 0.03128365952099888
100.0 0.1509745140565297 0.037435061387722
[[4978 4401]
 [ 491  794]]
[[2132 1919]
 [ 293  292]]
Best Params : {'C': 1.0000000000000001e-05} Score CrossVal : 0.5214011430873283 
Accuracy Train : 0.5412603150787697  Accuracy Test : 0.5228645383951682 
F1 Train : 0.2450617283950617  F1 Test : 0.2088698140200286 
