1e-05 0.5186609152288072 0.007531713431371734
2.929e-05 0.5366654163540885 0.005529634037130535
8.577e-05 0.5576706676669168 0.007458003822366741
0.0002512 0.5800825206301575 0.005182598075918025
0.0007356 0.5999624906226556 0.008999515519766419
0.002154 0.6129032258064516 0.011174415647639322
0.00631 0.6196549137284321 0.012310067730047976
0.01848 0.6228432108027007 0.009360706197561096
0.05412 0.6363465866466617 0.01169102569407816
0.1585 0.6808889722430608 0.0094015436298148
0.4642 0.7307764441110277 0.020807852823699825
1.359 0.758252063015754 0.021485909573234423
3.981 0.7645348837209303 0.021494028255947886
11.66 0.76115903975994 0.03617003385560784
34.15 0.7691297824456114 0.01226671839454582
100.0 0.7671605401350338 0.021679398941933003
[[8353 1026]
 [1013  272]]
[[3544  507]
 [ 505   80]]
Best Params : {'C': 34.145488738336006} Score CrossVal : 0.7691297824456114 
Accuracy Train : 0.8087959489872468  Accuracy Test : 0.7817083692838654 
F1 Train : 0.21060782036391795  F1 Test : 0.13651877133105803 
