1e-05 0.5291536853270548 0.012665372173119156
2.929e-05 0.5318824166331504 0.012953331467026244
8.577e-05 0.5324599668692115 0.012629166827589479
0.0002512 0.5299325556068152 0.01203885772277497
0.0007356 0.5258908728911007 0.011611660951863091
0.002154 0.5214895337377938 0.010436259718174275
0.00631 0.5177781445299101 0.010122649644378121
0.01848 0.5150367320182446 0.0110765337259191
0.05412 0.5129677885263878 0.010345781667703344
0.1585 0.5096803225001907 0.013247955839645978
0.4642 0.5014002892935325 0.009513546568562004
1.359 0.5055843676629793 0.013375832409209712
3.981 0.5030910724441334 0.0191073713498387
11.66 0.50089765094769 0.013408026774962797
34.15 0.5167800743066141 0.01431341656829588
100.0 0.4979685679575337 0.00703441157117422
[[5586 3793]
 [ 453  832]]
[[2344 1707]
 [ 322  263]]
Best Params : {'C': 8.5769589859089454e-05} Score CrossVal : 0.5324599668692115 
Accuracy Train : 0.6018379594898725  Accuracy Test : 0.5623382226056945 
F1 Train : 0.2815566835871404  F1 Test : 0.20587084148727985 
