1e-05 0.20703491300276539 0.007399721465235119
2.929e-05 0.20955301618496355 0.009910391095100344
8.577e-05 0.20740444588545265 0.009169674394926067
0.0002512 0.20178807489416717 0.00799421073731724
0.0007356 0.2023856960604779 0.010601937988288044
0.002154 0.19656097541580894 0.011196777655447738
0.00631 0.1950795902660289 0.007408318108751873
0.01848 0.19112678845961284 0.009315861824529283
0.05412 0.1876458801684746 0.00883479841226407
0.1585 0.17990626793762338 0.013271828587197769
0.4642 0.1442189997611465 0.0070262841253013785
1.359 0.1457189853306366 0.018652657053671497
3.981 0.14123460303893728 0.02054862698489554
11.66 0.14945698872147795 0.023147194945507956
34.15 0.13592109030503607 0.019119415845598852
100.0 0.12457258052540948 0.014832046355762428
[[5210 4169]
 [ 464  821]]
[[2208 1843]
 [ 305  280]]
Best Params : {'C': 2.9286445646252374e-05} Score CrossVal : 0.20955301618496355 
Accuracy Train : 0.5655476369092273  Accuracy Test : 0.5366695427092321 
F1 Train : 0.2616733067729084  F1 Test : 0.206794682422452 
