1e-05 0.9168920809625968 0.0001709981560727769
2.929e-05 0.9168920809625968 0.0001709981560727769
8.577e-05 0.9168920809625968 0.0001709981560727769
0.0002512 0.9168920809625968 0.0001709981560727769
0.0007356 0.9168920809625968 0.0001709981560727769
0.002154 0.5068557037589777 0.007242577429555116
0.00631 0.6265273761775954 0.009649251718449955
0.01848 0.6897677455461244 0.020095563522130277
0.05412 0.7379908590616547 0.01438520370871004
0.1585 0.7746478873239436 0.016922933906344213
0.4642 0.7935826881820726 0.017806328211163625
1.359 0.8029101762895252 0.018240895227167497
3.981 0.8065478966514318 0.017064462019985172
11.66 0.8088797686782949 0.017464554093444325
34.15 0.809066318440444 0.016909123111127914
100.0 0.8094394179647421 0.01719153293362888
[[9830    0]
 [ 891    0]]
[[4195    0]
 [ 384    0]]
Best Params : {'C': 1.0000000000000001e-05} Score CrossVal : 0.9168920809625968 
Accuracy Train : 0.9168920809625968  Accuracy Test : 0.9161388949552304 
F1 Train : 0.0  F1 Test : 0.0 
