1e-05 0.0 0.0
2.929e-05 0.0 0.0
8.577e-05 0.0 0.0
0.0002512 0.0 0.0
0.0007356 0.0 0.0
0.002154 0.5522221737759336 0.028977778763067175
0.00631 0.3928879328855995 0.041880168889992554
0.01848 0.26938453116280636 0.016285317929480365
0.05412 0.20092641846102346 0.0163764891183968
0.1585 0.1481683986143232 0.01847741639512275
0.4642 0.14368594659609946 0.023338669118231264
1.359 0.13020405816752967 0.011602779491042964
3.981 0.1212218879441329 0.016198399296725025
11.66 0.11785141583699046 0.012868345344256179
34.15 0.12234537864651372 0.012615386349040381
100.0 0.12234537864651374 0.014908766405970697
[[5065 4765]
 [ 284  607]]
[[2072 2123]
 [ 169  215]]
Best Params : {'C': 0.0021544346900318843} Score CrossVal : 0.5522221737759336 
Accuracy Train : 0.529055125454715  Accuracy Test : 0.49945402926403143 
F1 Train : 0.19383681941561554  F1 Test : 0.1579720793534166 
