1e-05 0.0 0.0
2.929e-05 0.0 0.0
8.577e-05 0.0 0.0
0.0002512 0.0 0.0
0.0007356 0.0 0.0
0.002154 0.09127651928474532 0.004095207825696507
0.00631 0.0914714054511068 0.009746663861239346
0.01848 0.08071855720207195 0.011101896848330878
0.05412 0.0781056950881215 0.009686821658305958
0.1585 0.0734242466522489 0.009071211172156255
0.4642 0.07986279266273578 0.010505439208019135
1.359 0.08218185534992475 0.009301784814278574
3.981 0.07943066593282594 0.00645822231649371
11.66 0.0793459429618535 0.00844150375446551
34.15 0.07966837017348445 0.0094763103343415
100.0 0.0788190559921195 0.008883814938256669
[[6679 3151]
 [ 255  636]]
[[2748 1447]
 [ 236  148]]
Best Params : {'C': 0.0063095734448019303} Score CrossVal : 0.0914714054511068 
Accuracy Train : 0.6823057550601623  Accuracy Test : 0.6324525005459707 
F1 Train : 0.2719110731081659  F1 Test : 0.14957049014653864 
