1e-05 0.0 0.0
2.929e-05 0.0 0.0
8.577e-05 0.0 0.0
0.0002512 0.0 0.0
0.0007356 0.0 0.0
0.002154 0.14267771116521077 0.007024244718304334
0.00631 0.1477005245647336 0.0070493294975299756
0.01848 0.12746810415584325 0.02197473402609675
0.05412 0.11457014861224696 0.02040651744505085
0.1585 0.11698160857951781 0.0241034301130403
0.4642 0.10526683735815057 0.03209763042063864
1.359 0.09513147136681475 0.02581733277734407
3.981 0.09230872491702419 0.023046261305147246
11.66 0.09423019340750836 0.020644777515882676
34.15 0.09367065539713043 0.018245055874596215
100.0 0.0909065804119821 0.020704829199582282
[[6669 3194]
 [ 264  619]]
[[2751 1411]
 [ 254  138]]
Best Params : {'C': 0.0063095734448019303} Score CrossVal : 0.1477005245647336 
Accuracy Train : 0.6782058440349897  Accuracy Test : 0.6343873517786561 
F1 Train : 0.26362862010221466  F1 Test : 0.14219474497681606 
