0.01 0.01 0.4956280775311294 0.015893189037966448
0.01 0.08249999999999999 0.500242148724452 0.01709167522286091
0.01 0.155 0.509001702863228 0.020701770754130232
0.01 0.22749999999999998 0.5110585307994442 0.024791772010090495
0.01 0.3 0.5111531489109862 0.028715628073412883
0.0575 0.01 0.5008414978145316 0.01706454637191651
0.0575 0.08249999999999999 0.5139229043530552 0.02772444116086981
0.0575 0.155 0.5113061053019198 0.02854655176689462
0.0575 0.22749999999999998 0.5125661813100448 0.029916536306896252
0.0575 0.3 0.5129522219614131 0.025473020792055386
0.105 0.01 0.5088797972344025 0.021156891442574943
0.105 0.08249999999999999 0.5103236469033433 0.027671726431933906
0.105 0.155 0.5110388932887979 0.024076310883794805
0.105 0.22749999999999998 0.5 0.0
0.105 0.3 0.5 0.0
0.1525 0.01 0.5131467699493737 0.024463961393677014
0.1525 0.08249999999999999 0.5126530500528014 0.030231390071556355
0.1525 0.155 0.5 0.0
0.1525 0.22749999999999998 0.5 0.0
0.1525 0.3 0.5 0.0
0.2 0.01 0.5158577753957387 0.026167666506847848
0.2 0.08249999999999999 0.5108302086477655 0.02402446402750403
0.2 0.155 0.5 0.0
0.2 0.22749999999999998 0.5 0.0
0.2 0.3 0.5 0.0
[[9895    0]
 [ 870    2]]
[[4130    0]
 [ 403    0]]
Best Params : {'alpha': 0.20000000000000001, 'l1_ratio': 0.01} Score CrossVal : 0.5158577753957387 
Accuracy Train : 0.9191975480635275  Accuracy Test : 0.9110964041473638 
F1 Train : 0.004576659038901603  F1 Test : 0.0 
Roc_Auc Train : 0.5011467889908257  Roc_Auc Test : 0.5 
