0.001 0.11961500382591739 0.009270194975811382
0.001848 0.11554019209086842 0.007012244848631232
0.003415 0.1119748662372396 0.010811284810462049
0.00631 0.11207854440747096 0.01157010863352719
0.01166 0.10675744207396265 0.015404962690326209
0.02154 0.11104352819647943 0.011635487410605518
0.03981 0.1089124766045623 0.014403487262616777
0.07356 0.10918565588314341 0.012804972624923644
0.1359 0.109992466324773 0.008226484800672555
0.2512 0.10780456748351244 0.007655053188413281
0.4642 0.10880460414184187 0.008988416921859768
0.8577 0.1107945724575263 0.008542519459504811
1.585 0.10514146721938773 0.0076545084885938225
2.929 0.10889389561436912 0.010201807071635684
5.412 0.10655469292969877 0.007950727574534302
10.0 0.10707466487680427 0.009065135817797504
[[8164 1541]
 [  17  872]]
[[3327  993]
 [ 303   83]]
Best Params : {'C': 0.001} Score CrossVal : 0.11961500382591739 
Accuracy Train : 0.8529356239380782  Accuracy Test : 0.7246068848278793 
F1 Train : 0.5281647486371895  F1 Test : 0.11354309165526676 
