1e-05 0.49763077208956613 0.018424880239128253
2.929e-05 0.5412988943603084 0.016094868883586234
8.577e-05 0.6111678899934962 0.02178015399139414
0.0002512 0.6931153024249744 0.019326364836452708
0.0007356 0.7456099600483137 0.016966635145209186
0.002154 0.780637368763356 0.013577841688844218
0.00631 0.7972684195856173 0.01406276605808209
0.01848 0.8047942023599368 0.014427419370557897
0.05412 0.8090681036885626 0.015899815499085732
0.1585 0.8112050543528756 0.015073903802453933
0.4642 0.8109263216575304 0.014757854730473223
1.359 0.8110192325559789 0.015055090846989997
3.981 0.8110192325559789 0.0152204044791589
11.66 0.8109263216575304 0.014665119610013795
34.15 0.8109263216575304 0.015220905535139589
100.0 0.8112050543528756 0.014872670891227707
[[9867    1]
 [   0  895]]
[[3635  522]
 [ 344   36]]
Best Params : {'C': 0.15848931924611143} Score CrossVal : 0.8112050543528756 
Accuracy Train : 0.9999070891015516  Accuracy Test : 0.8091249724487547 
F1 Train : 0.9994416527079844  F1 Test : 0.07675906183368869 
