1e-05 0.08933927909680987 0.002857905928046481
2.929e-05 0.09085663545607264 0.003237116205180176
8.577e-05 0.08508657991400373 0.006657599847675213
0.0002512 0.08471226084060104 0.010044211045046464
0.0007356 0.08936895167494457 0.011041642522382622
0.002154 0.09021722938296572 0.010949938548811124
0.00631 0.08398088255790878 0.008543234527938688
0.01848 0.08190445223882688 0.007822721303380246
0.05412 0.08749892056852016 0.008567038084027707
0.1585 0.08606369163261489 0.010878909594365244
0.4642 0.08632102095717964 0.010459553632653298
1.359 0.08591555479180367 0.00835175797271947
3.981 0.08668330596069096 0.01019986736583838
11.66 0.08677765136461213 0.010087018924465903
34.15 0.08714503349490996 0.010965903897355227
100.0 0.08662140511746727 0.010055402619641295
[[6304 3564]
 [  52  843]]
[[2386 1771]
 [ 236  144]]
Best Params : {'C': 2.9286445646252374e-05} Score CrossVal : 0.09085663545607264 
Accuracy Train : 0.664034191210629  Accuracy Test : 0.5576372052016751 
F1 Train : 0.31799321010939263  F1 Test : 0.12549019607843137 
