1e-05 0.511918441124053 0.04196934845995923
2.929e-05 0.48687975338792955 0.029697769226802322
8.577e-05 0.4161954646208572 0.03842752354360148
0.0002512 0.3717162573559489 0.0430417433205509
0.0007356 0.3375030618364262 0.04128646800764709
0.002154 0.32499371946459193 0.058236720385696814
0.00631 0.3101559696458888 0.051219462062567084
0.01848 0.2975885730454624 0.03563991430003558
0.05412 0.29303034626805885 0.032225627393227964
0.1585 0.2520085737453107 0.050117110279720614
0.4642 0.17674658311121194 0.03335220947518126
1.359 0.12659922582295527 0.021074120853358184
3.981 0.0946993427458911 0.03297815352958603
11.66 0.09920162690603089 0.012819990924848826
34.15 0.07299865701519516 0.030564829529752494
100.0 0.092375158521679 0.024670252383656326
[[5279 4607]
 [ 297  580]]
[[2195 1944]
 [ 216  182]]
Best Params : {'C': 1.0000000000000001e-05} Score CrossVal : 0.511918441124053 
Accuracy Train : 0.5443649540091052  Accuracy Test : 0.5239144809345383 
F1 Train : 0.19129287598944592  F1 Test : 0.14421553090332806 
