1e-05 0.08427414722439736 0.005098895926908298
2.929e-05 0.0846258254750088 0.006547263319470559
8.577e-05 0.08158295356989836 0.004728297542327677
0.0002512 0.08458786677388877 0.004422375741004608
0.0007356 0.0853668463031066 0.008674171818385807
0.002154 0.08118655787080878 0.010516905860447807
0.00631 0.08180439554329698 0.013432913366822759
0.01848 0.08861281003488834 0.010691987749863711
0.05412 0.09373223228430252 0.01659541738241669
0.1585 0.08944993616862416 0.014940176749536552
0.4642 0.08758296611518775 0.01729782269247548
1.359 0.08477938388074344 0.019562543836533868
3.981 0.0869742116335868 0.01572563464677814
11.66 0.09034440480167427 0.016309930571319457
34.15 0.0908476933577956 0.018315794804400282
100.0 0.08838194610814101 0.018306137212953485
[[9781   49]
 [  14  860]]
[[3629  566]
 [ 335   66]]
Best Params : {'C': 0.054116952654646375} Score CrossVal : 0.09373223228430252 
Accuracy Train : 0.9941143497757847  Accuracy Test : 0.8039599651871192 
F1 Train : 0.9646662927650027  F1 Test : 0.127783155856728 
