1e-05 0.08571654324656747 0.007466580456885526
2.929e-05 0.08597839187520627 0.004771049396305081
8.577e-05 0.08082822654421994 0.006151982224049016
0.0002512 0.07953598182515473 0.006595260654878027
0.0007356 0.07831360307865196 0.007609114057746235
0.002154 0.07878180308945934 0.012100459581830427
0.00631 0.07766859295382596 0.011223822577086389
0.01848 0.07915385827156665 0.006780929273084279
0.05412 0.07804256226350732 0.0089670762651278
0.1585 0.08196729153399489 0.008910091500085532
0.4642 0.07307865061090814 0.013524740473729195
1.359 0.08624568136076653 0.021190067418215896
3.981 0.07441804281199806 0.00767886172235838
11.66 0.06971748835905021 0.012865870161185438
34.15 0.08230562286223424 0.011311765254981062
100.0 0.07157217751838922 0.013270904053363996
[[9206  680]
 [ 640  237]]
[[3738  401]
 [ 360   38]]
Best Params : {'C': 1.3593563908785269} Score CrossVal : 0.08624568136076653 
Accuracy Train : 0.8773576140481278  Accuracy Test : 0.8322680185144369 
F1 Train : 0.26421404682274247  F1 Test : 0.09080047789725208 
