1e-05 0.5486025214668294 0.033779254654370885
2.929e-05 0.5016747319209146 0.031483805147721484
8.577e-05 0.37653828525929667 0.03578908911295412
0.0002512 0.27597754982022515 0.05029174272593028
0.0007356 0.22569718210068945 0.04336001768029554
0.002154 0.1832400158415677 0.03678676566068006
0.00631 0.14636892270591834 0.031877860598183476
0.01848 0.13519781456957078 0.026769047040694837
0.05412 0.13743130951942228 0.02926435944962859
0.1585 0.13631430251684723 0.03152343235679527
0.4642 0.1351972955142722 0.03108475473350515
1.359 0.13408028851169718 0.030802343580089882
3.981 0.13296276245382355 0.031084754733505148
11.66 0.13296328150912212 0.03068051445306364
34.15 0.13631378346154865 0.03249841245195304
100.0 0.13408028851169718 0.030802343580089882
[[5588 4280]
 [ 102  793]]
[[2125 2032]
 [ 201  179]]
Best Params : {'C': 1.0000000000000001e-05} Score CrossVal : 0.5486025214668294 
Accuracy Train : 0.5928644429991639  Accuracy Test : 0.5078245536698259 
F1 Train : 0.2657506702412869  F1 Test : 0.13817059050559632 
