1e-05 0.5150980209978631 0.00976767729737079
2.929e-05 0.5365604385394407 0.004023993994050604
8.577e-05 0.5672210350274087 0.005209503417830587
0.0002512 0.5991823840936542 0.008644925786851228
0.0007356 0.6228746631979931 0.012188131899003236
0.002154 0.636253832574561 0.004456418397674996
0.00631 0.6456378333178482 0.008766006476954928
0.01848 0.654928923162687 0.008602914865032061
0.05412 0.6653349437889065 0.006746680452733574
0.1585 0.7041716993403326 0.006287915852736293
0.4642 0.7733903186843817 0.014572105949580982
1.359 0.8010777664220013 0.021882613634764403
3.981 0.8293226795503112 0.011296490168839515
11.66 0.8456749976772275 0.024225788265048436
34.15 0.8190095698225401 0.025392241793732218
100.0 0.8264424416984112 0.0357633500618267
[[9077  809]
 [ 706  171]]
[[3743  396]
 [ 362   36]]
Best Params : {'C': 11.659144011798311} Score CrossVal : 0.8456749976772275 
Accuracy Train : 0.8592399888506922  Accuracy Test : 0.8329292484020278 
F1 Train : 0.1841680129240711  F1 Test : 0.08674698795180723 
