1e-05 0.49883290871113667 0.029689565037834514
2.929e-05 0.45765604865728565 0.02684712975050088
8.577e-05 0.3684505769216609 0.019954900739663217
0.0002512 0.308932007677562 0.02238251726015907
0.0007356 0.2494496294987249 0.02741608659609333
0.002154 0.20025995837229793 0.018131695695917372
0.00631 0.17051876928287935 0.02066640964844955
0.01848 0.16135093060986058 0.016207785256535257
0.05412 0.15448108344930672 0.018962177429685062
0.1585 0.14075345281661963 0.017763060768116255
0.4642 0.13846149314836498 0.01392416271317513
1.359 0.13618762901274112 0.02115915287923629
3.981 0.13390170118869668 0.026445340025613107
11.66 0.1316037096762317 0.025202609789415256
34.15 0.13618159716853082 0.02230364702919153
100.0 0.1373366247689736 0.025310189508005586
[[5399 4431]
 [ 191  683]]
[[2241 1954]
 [ 183  218]]
Best Params : {'C': 1.0000000000000001e-05} Score CrossVal : 0.49883290871113667 
Accuracy Train : 0.5681988041853513  Accuracy Test : 0.5350304612706701 
F1 Train : 0.22812291249164998  F1 Test : 0.16945200155460552 
