1e-05 0.14684168659769675 0.01266283500512608
2.929e-05 0.14614584410737694 0.008209160691022762
8.577e-05 0.13535911645067036 0.01063215505091639
0.0002512 0.13100570146755963 0.011540739508347948
0.0007356 0.12705406853566936 0.012707616231756109
0.002154 0.12686886633246955 0.019926177601707243
0.00631 0.12414815037610696 0.018416437870391364
0.01848 0.12467504254191115 0.010715684702904488
0.05412 0.1257909206389695 0.012262984095648466
0.1585 0.12496531521552484 0.012724431337555407
0.4642 0.10578669660311002 0.02040629011668168
1.359 0.09761390027144515 0.015764618991337975
3.981 0.08500664627517746 0.023557371189223745
11.66 0.08304368466897191 0.02386919825435282
34.15 0.08987714728204155 0.01380316450602301
100.0 0.058063296406248945 0.014343232786687284
[[5279 4607]
 [ 297  580]]
[[2195 1944]
 [ 216  182]]
Best Params : {'C': 1.0000000000000001e-05} Score CrossVal : 0.14684168659769675 
Accuracy Train : 0.5443649540091052  Accuracy Test : 0.5239144809345383 
F1 Train : 0.19129287598944592  F1 Test : 0.14421553090332806 
