1e-05 0.5163490284005979 0.01124805213589195
2.929e-05 0.5507286995515696 0.015709780505409977
8.577e-05 0.609585201793722 0.01554610407035155
0.0002512 0.6729260089686099 0.013662979294959859
0.0007356 0.7205717488789237 0.01327743615144263
0.002154 0.7520553064275037 0.01989717715686253
0.00631 0.7747571001494769 0.02118559502080173
0.01848 0.7931614349775785 0.01823926287838118
0.05412 0.8038116591928252 0.01711484275217261
0.1585 0.8094170403587444 0.017575368538845126
0.4642 0.8096973094170403 0.018411129547202715
1.359 0.8114723467862481 0.01868380680865393
3.981 0.8117526158445441 0.018998918804011024
11.66 0.8105381165919282 0.018267055224037952
34.15 0.8115657698056801 0.018346569971235474
100.0 0.8109118086696562 0.01831799953219141
[[9788   42]
 [  19  855]]
[[3680  515]
 [ 339   62]]
Best Params : {'C': 3.9810717055349691} Score CrossVal : 0.8117526158445441 
Accuracy Train : 0.9943011958146487  Accuracy Test : 0.8141862489120975 
F1 Train : 0.9655561829474875  F1 Test : 0.1267893660531697 
