1e-05 0.5108787169845155 0.02114984139736798
2.929e-05 0.508650730007427 0.022066366039730258
8.577e-05 0.5011551783214196 0.02067950437015891
0.0002512 0.4929197687724067 0.020377802401968514
0.0007356 0.48739552168678446 0.0214490299356733
0.002154 0.48264227466946646 0.021805945060401042
0.00631 0.4800116724661752 0.021728971019907492
0.01848 0.4784195811352759 0.02200038241453033
0.05412 0.4782771517109216 0.021842171319576477
0.1585 0.48145868441394535 0.02254516765827968
0.4642 0.48589447154453874 0.02427890723186929
1.359 0.46991464174611697 0.008141846304913323
3.981 0.47518724666574375 0.020638143774116262
11.66 0.492924417412787 0.025211049858670207
34.15 0.48474061971956983 0.012738605522501029
100.0 0.4824858894140603 0.010262383625554714
[[5279 4607]
 [ 297  580]]
[[2195 1944]
 [ 216  182]]
Best Params : {'C': 1.0000000000000001e-05} Score CrossVal : 0.5108787169845155 
Accuracy Train : 0.5443649540091052  Accuracy Test : 0.5239144809345383 
F1 Train : 0.19129287598944592  F1 Test : 0.14421553090332806 
