1e-05 1e-05 0.501876924046 0.0178881426109
1e-05 0.0001 0.499351569835 0.022025074851
1e-05 0.001 0.49479335164 0.0200515601126
1e-05 0.01 0.506269504458 0.00389996527037
1e-05 0.1 0.500153321985 0.000125186885661
1e-05 1.0 0.5 0.0
1e-05 10.0 0.5 0.0
0.0001 1e-05 0.501876924046 0.0178881426109
0.0001 0.0001 0.499351569835 0.022025074851
0.0001 0.001 0.494793066173 0.0200516093814
0.0001 0.01 0.506276618084 0.00389355568689
0.0001 0.1 0.500153321985 0.000125186885661
0.0001 1.0 0.5 0.0
0.0001 10.0 0.5 0.0
0.001 1e-05 0.501876924046 0.0178881426109
0.001 0.0001 0.499351569835 0.022025074851
0.001 0.001 0.494793066173 0.0200516093814
0.001 0.01 0.506283434717 0.00389555100314
0.001 0.1 0.500408841211 0.000204420630427
0.001 1.0 0.5 0.0
0.001 10.0 0.5 0.0
0.01 1e-05 0.501876924046 0.0178881426109
0.01 0.0001 0.499351569835 0.022025074851
0.01 0.001 0.494793066173 0.0200516093814
0.01 0.01 0.506311410498 0.00389461599645
0.01 0.1 0.501022076903 0.000228520072828
0.01 1.0 0.5 0.0
0.01 10.0 0.5 0.0
0.1 1e-05 0.501876924046 0.0178881426109
0.1 0.0001 0.499351569835 0.022025074851
0.1 0.001 0.494939225355 0.0198292573176
0.1 0.01 0.506300918812 0.00388608398736
0.1 0.1 0.501492371924 0.00243805071615
0.1 1.0 0.5 0.0
0.1 10.0 0.5 0.0
1.0 1e-05 0.498630888768 0.0201806782983
1.0 0.0001 0.497191079574 0.022535454252
1.0 0.001 0.494880593441 0.0252414303893
1.0 0.01 0.508482108905 0.0038762725658
1.0 0.1 0.501961734068 0.00268741432445
1.0 1.0 0.5 0.0
1.0 10.0 0.5 0.0
10.0 1e-05 0.502480224917 0.0224455950759
10.0 0.0001 0.493685307775 0.0270078031815
10.0 0.001 0.498989550088 0.0187922923156
10.0 0.01 0.510253347848 0.00369537849398
10.0 0.1 0.501962305002 0.00268759425658
10.0 1.0 0.5 0.0
10.0 10.0 0.5 0.0
[[9784    0]
 [   0  896]]
[[4241    0]
 [ 379    0]]
Best Params : {'C': 10.0, 'gamma': 0.01} Score CrossVal : 0.510253347848 
Accuracy Train : 1.0  Accuracy Test : 0.917965367965 
F1 Train : 1.0  F1 Test : 0.0 
Roc_Auc Train : 1.0  Roc_Auc Test : 0.5 
