1e-05 0.528123605258282 0.022283702588582678
2.929e-05 0.5225364718383979 0.021262883249574597
8.577e-05 0.5162484432331705 0.02120804732005609
0.0002512 0.5108169336806344 0.024085191224872023
0.0007356 0.5059923144027274 0.026866257905987102
0.002154 0.5033705476473277 0.028074549752311828
0.00631 0.5033909341926754 0.027882907800104065
0.01848 0.5039734676444682 0.0268085703665858
0.05412 0.5037894837081985 0.02633200089797205
0.1585 0.5042984375124498 0.026143017590397236
0.4642 0.5047807906624209 0.025602969025270185
1.359 0.504552064860877 0.025868365800310517
3.981 0.5048396557974838 0.0257588060998596
11.66 0.5051323547913509 0.025948807313473873
34.15 0.5047037916400682 0.025888227230203145
100.0 0.5047275698398869 0.025898621328612797
[[5588 4280]
 [ 102  793]]
[[2125 2032]
 [ 201  179]]
Best Params : {'C': 1.0000000000000001e-05} Score CrossVal : 0.528123605258282 
Accuracy Train : 0.5928644429991639  Accuracy Test : 0.5078245536698259 
F1 Train : 0.2657506702412869  F1 Test : 0.13817059050559632 
