0.0001 0.0001 0.534148179188 0.0171248341897
0.0001 0.00316227766017 0.532444229671 0.0281251258755
0.0001 0.1 0.5 0.0
0.0001 3.16227766017 0.5 0.0
0.0001 100.0 0.5 0.0
0.003162 0.0001 0.534148179188 0.0171248341897
0.003162 0.00316227766017 0.532537560057 0.0280878377542
0.003162 0.1 0.5 0.0
0.003162 3.16227766017 0.5 0.0
0.003162 100.0 0.5 0.0
0.1 0.0001 0.534272492321 0.0170008407704
0.1 0.00316227766017 0.532620041787 0.0281234560089
0.1 0.1 0.5 0.0
0.1 3.16227766017 0.5 0.0
0.1 100.0 0.5 0.0
3.162 0.0001 0.547877486268 0.0155394907771
3.162 0.00316227766017 0.532555833042 0.0281294180278
3.162 0.1 0.5 0.0
3.162 3.16227766017 0.5 0.0
3.162 100.0 0.5 0.0
100.0 0.0001 0.540930927028 0.0203312986615
100.0 0.00316227766017 0.532578818508 0.0281356695906
100.0 0.1 0.5 0.0
100.0 3.16227766017 0.5 0.0
100.0 100.0 0.5 0.0
[[8561 1252]
 [  35  874]]
[[3412  800]
 [ 291   75]]
{'C': 3.1622776601683795, 'gamma': 0.0001} 0.547877486268