1e-05 0.15361631574810275 0.005260027962793253
2.929e-05 0.15381027133998873 0.005847434052369495
8.577e-05 0.1387078815426569 0.010648673569923158
0.0002512 0.1293775557234471 0.016710270539149242
0.0007356 0.12804012311628216 0.017333624089160643
0.002154 0.12189029085631876 0.018398845935436652
0.00631 0.10633819528932303 0.014944204546909102
0.01848 0.10081343146453976 0.01313859596834662
0.05412 0.10272452226794487 0.01301358412902401
0.1585 0.10389179442759752 0.01581673728319791
0.4642 0.10662374138855638 0.016134096016672796
1.359 0.10380393457762871 0.015648886955106654
3.981 0.1038522074659185 0.01567374053604179
11.66 0.10624090603098364 0.01574871026856085
34.15 0.10700872923629991 0.01594793211316153
100.0 0.10467053428241499 0.017099615740721646
[[6304 3564]
 [  52  843]]
[[2386 1771]
 [ 236  144]]
Best Params : {'C': 2.9286445646252374e-05} Score CrossVal : 0.15381027133998873 
Accuracy Train : 0.664034191210629  Accuracy Test : 0.5576372052016751 
F1 Train : 0.31799321010939263  F1 Test : 0.12549019607843137 
