1e-05 1e-05 1.0 0.0
1e-05 0.0001 1.0 0.0
1e-05 0.001 1.0 0.0
1e-05 0.01 1.0 4.965068306494546e-17
1e-05 0.1 0.8727106227106226 0.07265298424008967
1e-05 1.0 0.6086558369167065 0.03004055047618427
1e-05 10.0 0.5 0.0
0.0001 1e-05 1.0 0.0
0.0001 0.0001 1.0 0.0
0.0001 0.001 1.0 0.0
0.0001 0.01 1.0 4.965068306494546e-17
0.0001 0.1 0.91419812071986 0.07177512564120292
0.0001 1.0 0.6918697244784201 0.048195784648662914
0.0001 10.0 0.5 0.0
0.001 1e-05 1.0 0.0
0.001 0.0001 1.0 0.0
0.001 0.001 1.0 0.0
0.001 0.01 1.0 4.965068306494546e-17
0.001 0.1 0.9359372511546425 0.05383799716414297
0.001 1.0 0.6918697244784201 0.048195784648662914
0.001 10.0 0.5 0.0
0.01 1e-05 1.0 0.0
0.01 0.0001 1.0 0.0
0.01 0.001 1.0 0.0
0.01 0.01 1.0 4.965068306494546e-17
0.01 0.1 0.9544911610129 0.03855114077615537
0.01 1.0 0.6918697244784201 0.048195784648662914
0.01 10.0 0.5 0.0
0.1 1e-05 1.0 0.0
0.1 0.0001 1.0 0.0
0.1 0.001 1.0 0.0
0.1 0.01 1.0 0.0
0.1 0.1 0.9544911610129 0.03855114077615537
0.1 1.0 0.6918697244784201 0.048195784648662914
0.1 10.0 0.5 0.0
1.0 1e-05 1.0 0.0
1.0 0.0001 1.0 0.0
1.0 0.001 1.0 0.0
1.0 0.01 1.0 0.0
1.0 0.1 0.9698598502946328 0.02591376053177607
1.0 1.0 0.7636168179646441 0.06293230013027094
1.0 10.0 0.5 0.0
10.0 1e-05 1.0 0.0
10.0 0.0001 1.0 0.0
10.0 0.001 1.0 0.0
10.0 0.01 1.0 0.0
10.0 0.1 0.9698598502946328 0.02591376053177607
10.0 1.0 0.7636168179646441 0.06293230013027094
10.0 10.0 0.5 0.0
[[69  0]
 [ 0 69]]
[[69  0]
 [ 0 69]]
Best Params : {'gamma': 1.0000000000000001e-05, 'C': 1.0000000000000001e-05} Score CrossVal : 1.0 
Accuracy Train : 1.0  Accuracy Test : 1.0 
F1 Train : 1.0  F1 Test : 1.0 
Roc_Auc Train : 1.0  Roc_Auc Test : 1.0 
